4294967279,574
4294967278,384
4294967279,573
4294967278,383
4294967279,572
4294967278,382
4294967278,381
4294967279,571
4294967278,380
4294967279,570
4294967278,379
4294967279,569
4294967279,568
4294967278,378
4294967279,567
4294967279,566
4294967278,377
4294967278,376
4294967279,565
4294967279,564
4294967278,375
4294967278,374
4294967278,373
4294967279,563
4294967279,562
4294967278,372
4294967279,561
4294967278,371
4294967279,560
4294967278,370
4294967279,559
4294967278,369
4294967279,558
4294967279,557
4294967278,368
4294967279,556
4294967279,555
4294967279,554
4294967279,553
4294967278,367
4294967279,552
4294967278,366
4294967278,365
4294967279,551
4294967279,550
4294967278,364
4294967278,363
4294967279,549
4294967278,362
4294967279,548
4294967279,547
4294967278,361
4294967279,546
4294967278,360
4294967279,545
4294967278,359
4294967279,544
4294967278,358
3,16
4294967279,543
4294967278,357
4294967279,542
4294967279,541
4294967278,356
4294967279,540
4294967278,355
4294967279,539
4294967279,538
3,15
4294967278,354
4294967278,353
4294967279,537
4294967278,352
4294967279,536
4294967278,351
4294967279,535
4294967279,534
4294967278,350
4294967279,533
4294967278,349
4294967279,532
4294967278,348
4294967279,531
4294967278,347
4294967278,346
4294967279,530
4294967278,345
4294967278,344
4294967279,529
4294967279,528
4294967278,343
3,14
4294967279,527
4294967278,342
4294967278,341
4294967278,340
4294967279,526
4294967279,525
4294967278,339
4294967279,524
3,13
4294967278,338
4294967279,523
4294967278,337
4294967279,522
4294967279,521
4294967278,336
4294967279,520
4294967279,519
4294967278,335
4294967279,518
4294967278,334
4294967278,333
4294967279,517
3,12
4294967278,332
4294967278,331
4294967279,516
4294967278,330
4294967279,515
4294967279,514
4294967279,513
4294967278,329
4294967278,328
4294967279,512
3,11
68,5
68,4
68,3
68,2
68,1
4294967294,1536
4294967279,319
4294967278,327
67,4
67,3
67,2
67,1
4294967278,326
4294967294,1472
4294967278,325
66,4
66,3
66,2
66,1
4294967278,324
4294967294,1454
65,8
65,7
65,6
65,5
65,4
65,3
65,2
65,1
4294967294,1453
4294967294,1423
64,6
64,5
64,4
64,3
64,2
64,1
4294967294,1452
4294967294,1427
4294967294,502
4294967294,501
63,5
63,4
63,3
63,2
63,1
4294967279,318
62,4
62,3
62,2
62,1
4294967279,317
61,10
61,9
61,8
61,7
61,6
61,5
61,4
61,3
61,2
61,1
4294967279,316
4294967294,500
4294967294,1451
4294967294,418
4294967294,499
60,4
60,3
60,2
60,1
59,5
59,4
59,3
59,2
59,1
4294967278,323
58,5
58,4
58,3
58,2
58,1
4294967279,315
57,5
57,4
57,3
57,2
57,1
4294967278,322
56,10
56,9
56,8
56,7
56,6
56,5
56,4
56,3
56,2
56,1
4294967294,1450
4294967294,1449
4294967294,1435
4294967294,498
55,6
55,5
55,4
55,3
55,2
55,1
4294967278,321
4294967294,1448
4294967294,1447
54,12
54,11
54,10
54,9
54,8
54,7
54,6
54,5
54,4
54,3
54,2
54,1
4294967294,52
53,5
53,4
53,3
53,2
53,1
4294967279,314
4294967294,1446
52,6
52,5
52,4
52,3
52,2
52,1
4294967279,313
4294967294,1445
51,11
51,10
51,9
51,8
51,7
51,6
51,5
51,4
51,3
51,2
51,1
4294967294,497
50,4
50,3
50,2
50,1
49,4
49,3
49,2
49,1
48,4
48,3
48,2
48,1
4294967294,1444
47,12
47,11
47,10
47,9
47,8
47,7
47,6
47,5
47,4
47,3
47,2
47,1
4294967278,320
4294967294,496
4294967294,495
4294967294,494
4294967294,1443
46,11
46,10
46,9
46,8
46,7
46,6
46,5
46,4
46,3
46,2
46,1
4294967294,493
45,7
45,6
45,5
45,4
45,3
45,2
45,1
4294967294,1442
44,6
44,5
44,4
44,3
44,2
44,1
43,9
43,8
43,7
43,6
43,5
43,4
43,3
43,2
43,1
4294967294,492
4294967294,491
42,4
42,3
42,2
42,1
4294967294,1441
41,5
41,4
41,3
41,2
41,1
4294967294,490
4294967279,312
40,6
40,5
40,4
40,3
40,2
40,1
4294967278,319
4294967294,1440
4294967294,1439
4294967294,1416
4294967294,1438
4294967294,1437
4294967294,1436
39,16
39,15
39,14
39,13
39,12
39,11
39,10
39,9
39,8
39,7
39,6
39,5
39,4
39,3
39,2
39,1
4294967294,1422
4294967294,489
38,7
38,6
38,5
38,4
38,3
38,2
38,1
4294967279,311
4294967278,318
4294967279,310
37,4
37,3
37,2
37,1
4294967278,317
4294967294,488
4294967294,1434
36,4
36,3
36,2
36,1
4294967278,316
35,6
35,5
35,4
35,3
35,2
35,1
4294967278,315
34,10
34,9
34,8
34,7
34,6
34,5
34,4
34,3
34,2
34,1
4294967294,1433
4294967294,487
33,4
33,3
33,2
33,1
4294967278,314
32,10
32,9
32,8
32,7
32,6
32,5
32,4
32,3
32,2
32,1
4294967278,313
4294967294,1432
4294967294,1431
31,7
31,6
31,5
31,4
